1 G4
2 A4
3 B4
4 C4
5 D4
6 E4
7 F#4
8 G5
9 A5
10 B5
11 C5
12 D5
13 E5
14 F#5
15 G6
#
1 1
1 2
2 1
1 3
3 1
2 2
2 3
3 2
2 4
4 2
3 3
3 4
4 3
3 5
5 3
4 4
4 5
5 4
4 6
6 4
5 5
5 6
6 5
5 7
7 5
6 6
6 7
7 6
6 8
8 6
7 7
7 8
8 7
7 9
9 7
8 8
8 9
9 8
8 10
10 8
9 9
9 10
10 9
9 11
11 9
10 10
10 11
11 10
10 12
12 10
11 11
11 12
12 11
11 13
13 11
12 12
12 13
13 12
12 14
14 12
13 13
13 14
14 13
13 15
15 13
14 14
14 15
15 14
14 1
1 14
15 15
15 1
1 15
15 2
2 15